-0.5008220696918825,-0.32652603102208627,-0.27736001202366434,-0.4431410183023503,0.8264879481178152
-0.7830837902117083,-0.19836276708955572,0.7624444742664214,-0.22294022622298887,0.4698488834234304
-1.168173085131647,0.41156340351786275,0.9834020510822743,-0.8995965555952516,-1.5941205227984654
0.7938385493443224,0.16126203989773724,-1.0752088209608874,-1.3515736961214673,0.13272417776105444
-0.8809136380377347,-0.6358277603550045,-1.0553534672049927,0.2060159878175745,1.210569981993636
0.8363093192768847,-1.7665726625467042,1.1713144191020268,0.32600293846274947,0.5514813262501398
0.4135409211760027,-1.8753996281138656,0.5245721913054342,-0.4591196049943051,0.8874786402680611
0.3777063044183469,-0.39801216724419225,-1.3587911570922078,-0.3767101443628137,0.4802565999394704
-0.4895422001980864,-1.318048901248191,0.1743297923122371,-1.3105390494781026,-1.1730945715978758
0.5762453229928232,-1.4516167959239505,-0.012900020127382656,-0.0607050658668912,-0.6984106826537833
-1.663329730615059,0.19815373605843434,-1.3702235132019263,0.9124994773536094,-0.20479019534340034
-0.5812394974919242,-0.6109073345256499,-0.9174708697217785,0.32739653968990123,-0.41791212059336313
-1.8690162925373306,-0.2519432899217651,-1.1364900589113076,0.012741478231413392,0.36292285205790037
1.8612421862322333,-0.4132087971328895,1.3930025507725106,0.32507328748420283,0.6717952451970673
-1.4436071505551276,0.5486273444683624,-1.0938699832426773,0.04484885180823971,-0.06310781416933431
-1.357749266684418,-2.0800696775675505,-1.7375671766277787,-1.3995785534320138,-0.5486450244641183
0.36527119547307635,0.15604616482760586,0.22502822089342192,-0.3870313213839723,-1.3586964996017863
-0.02855585670508191,-1.9314122944735745,1.0668421771403658,-0.9523269370386457,-0.11601126847944095
1.6749313507463333,-1.4389967472873413,0.593239707087095,1.0276845928069254,-2.061212867911019
0.46640254660438163,1.4636894016034443,-0.35387779416913384,-0.35490353265193303,-2.196020702121291
-1.024763205153851,-1.361452015033073,-0.3273568403981442,-1.4938872778801155,0.3791924206135065
-0.646779123777176,2.8274573401594862,-1.8658452450239704,-0.6909667326509346,-0.024921124130131384
-1.480859204141543,0.282918025037917,0.11804319232226368,-0.7782934008121004,0.17320096661438647
-2.4208429228106914,-1.4572701729664777,0.7573207680890669,0.9306815572368944,1.1066938796397985
-0.15415838978099577,-0.9306516529240271,1.2523523629103084,-0.6992550195953589,0.279011613972279
1.232267017232933,-1.7504477383591794,-0.15735905139774486,-0.4727754809882395,-0.9102238951982965
-0.7613142993195059,-0.35846046166492423,-1.043361576679467,0.8295091102878596,-1.0515034515612875
1.0265233349451577,-0.49789643451018334,-0.2969640986294616,-1.7018541340707996,0.8265699084052753
-0.9969070457375042,0.7854894985907553,1.149714554845734,-1.9314276747958967,0.5157496383955554
0.3613876804446848,0.4715147932896115,-1.1637079783461002,0.6807738033088185,-0.9082254983073059
0.1023674469133732,-0.8931976781306816,0.7240309994916821,1.1320303239705085,-0.05634810192518765
-1.5192350343876957,0.7408308371645138,-0.12384047149325896,0.1636714412866934,-1.2248454501789414
-0.26769871820828123,0.24411764636256297,0.23175914924803637,1.1978198136204097,1.9941685917771215
-0.7832226471649546,-0.12032106464473934,1.7673071197234345,-1.1542305379007762,0.23127314672494173
-1.2969749084422288,-0.14858627216225267,0.9043640370186478,2.204610855013029,1.746588904442394
-0.4072725525871624,-2.5256337077183173,-1.0854890526893568,1.2785087457114042,-1.0299794572535588
-1.2679962732870989,-0.30315934725153265,-0.5469521082136334,-1.9962860876746575,-0.16147191658348456
-0.4982622829316832,-0.8397666884217658,-2.132632896380346,1.0630950741349585,0.5138293017070291
1.1528834256273903,-0.4052495582092547,0.6853187421848312,-0.42991655151289615,-0.17904730283197057
0.19876611239410902,-0.18892612319775573,-1.0199482032908358,-0.240446302979295,0.5154653322937706
1.6358337800886174,0.6000135148823995,0.6129958193317526,0.3291392799898293,0.6670435080749613
1.5070255585898573,-0.18856363390817535,0.6007955214715349,-1.5141530597188724,-1.013948324447613
0.864904013378713,0.6306768865950766,-0.08309065702569261,1.8031346383238356,-0.3728971771493943
-0.39992741535641685,0.8573112961576027,1.8667736099418117,-0.4566921369625116,-0.6123138738171914
-0.5466076018600511,-2.0410625446251873,-0.5841683644011403,-0.6503880117879848,0.8825056247385493
-0.9932539458516638,1.3109161171608685,-0.5447531726643886,0.46018981715578017,-0.36017813699688533
0.8210769851767051,0.36459106858722484,-0.9271813943604155,1.7170039905903312,1.2981532075092272
0.6274211777190045,0.5487934988073688,1.0317732408262963,0.24170197719859018,2.133024313766144
-0.6948751121445181,-0.501487491580715,-0.3122030277595612,-0.18274581900773076,0.7275112059590045
-1.4438711030975975,1.2651310366581316,2.0326672254933733,0.4496742724564881,-0.7084120181704163
1.5418017135108137,-0.9033800378351712,-0.8812904033917557,-1.159531083350568,-0.4686778951992905
-1.376958660014732,0.054112892094127174,0.13475860095792014,0.361772126609868,-1.2274806335548047
-0.40510127648686417,0.4003849172840694,0.8127901607945706,1.4093366915999956,0.3353107753928621
-0.6558777062500553,1.1489313131306362,-0.9365162733274347,0.5176639459555601,1.453531237931675
-0.8182158357029284,0.5790532859611327,0.880896394702159,0.4631401396056183,-0.14007413685245512
1.9105845191202406,-0.1737822340449242,-0.5551581519392632,1.087456317139742,1.1750131243822008
-1.5035891640380534,0.2187026441871577,-1.8991506465735275,-0.2774002014898809,-0.8043498776420851
0.2703897904957282,1.229483087471464,0.2961181563855728,-0.30208542564378865,2.046497226414447
1.6855653096190817,-0.2687577506223814,0.6316756044198646,2.5799459281135966,-1.4523867802823414
-1.3036716001182187,0.5939462886371334,-0.2645837157565241,-0.8274275282228358,-1.5457914458885562
-0.9568328526163525,-0.782551598307658,1.4844735210835545,-1.9573449346699803,0.7168546422093754
0.5813145128385353,-1.2626258709339075,0.8504085777112834,-0.18966755298571555,-1.4509316914055888
-3.6383198360085833,0.9209389241178092,-0.9872621355022834,-1.2608755446005209,-0.10448132013029661
1.0628002870735296,0.2415469467085769,0.6469771570838131,-1.0648954876653551,1.0492370687093449
-0.21828993211731668,0.05370826439734743,-0.2697633883878316,1.117417513599488,-0.5447131565846715
3.1369362588968537,-0.0825317790226534,0.33983963009200996,-0.4879004577835099,0.7611012679207907
0.6696436698098122,1.2721350454927094,-0.4643924880612906,1.7728237340026367,0.0013683493808960378
1.126499107947176,0.039256971557979595,1.8897227180348581,0.6992476851408282,-0.38300836095762736
-0.5382980941777497,0.35188955145610246,0.2927898859186885,1.8437235554212403,2.4475164603533894
0.18641869686929324,-0.05406471025010773,-2.0750457839948013,-0.9434670787365902,0.5107501869014888
-0.2028515791856003,-0.13629775620794637,0.7497704486249638,0.5672777291001136,-0.28343081978697143
0.7333737038322057,-0.7862407944489509,-0.30058991087762493,0.19538084370968828,-0.08591046641776062
1.1368351968879635,0.7181275155353605,1.676490458989895,1.261306582030972,-0.6865143943913697
-0.1252830323005705,-0.6160557251644282,-0.6461221202459685,0.3363547324400848,-1.0183099811454392
-0.1823408267480211,0.09928754914792141,-0.5809312071684817,-0.5041368878275433,-0.7756416785789169
1.4810845454320927,-0.6007848386140099,0.6061769177167662,-0.7793587097832093,0.810480692588868
-0.2615131961101541,1.196724314080014,-2.13923374851786,0.027971287944696405,1.4823460905035486
0.5186490769868816,0.9581598796995753,1.4429481655605711,-2.101869616998955,-0.7479256510345356
-1.1181413157726354,-0.40769720976420054,0.14186091206974175,0.2502909271503432,-1.8865954567693688
0.26029557855345203,-0.3306386401380576,-1.6613136786615388,0.12251025453590114,0.40622451742715276
0.053172871850205965,-0.8146859364347211,-1.0173401951998995,2.1898007552370307,-1.821941099204109
1.0180343439516848,-0.49738055041410467,-1.6816591333935555,0.621292436339489,0.18497559515098508
-0.8917303746260162,-1.852736301043074,-0.07911047094265476,1.2674337205915058,-1.044154267961255
1.9531156869411261,0.7369869808244202,-2.0420883612117136,-0.8123346678573659,-1.0788523928561988
0.8298470802204356,2.2418658491268695,-0.40862008949243056,-1.0047935720611152,-0.68817833456223
0.8694032665436177,0.039818465389119755,1.128956739099169,0.33932743955809697,1.596609368153968
-1.140480008754955,0.6996571900878271,1.1054821025114117,1.6753368597828928,0.3149966084371835
0.20013321552884022,-0.18919887486227402,1.2909047835993395,0.6184903268744376,-0.30189157526949745
-2.503998963552269,0.3726547197112831,1.0742659152485565,-0.3349785626209575,-0.550723704156376
-0.582284733035813,1.0254253399049502,0.8243860432962854,-1.556451213646224,0.2566267695705088
-0.04679753211002791,0.4468168784782552,0.13663831806719598,-1.6945567003303825,-0.08044286713223715
0.7878272559352507,-0.042306013057244726,0.21011419081993743,-0.7025423615085288,-0.38944940753152685
-0.035796427915999934,-1.6932476226113853,-1.0469140017966458,1.2077943861047598,-1.2012863268294909
-0.2821826059165901,0.7038431905687965,0.5697194351968264,0.6830118062850127,-1.7535067657722132
1.3609307825815604,0.03219448551660722,1.2373326487332208,-1.8430936118744592,2.044517688944012
-0.5607220608049274,-0.42338668035374366,-0.8938155120584402,-1.2005579671776754,-0.2948812056254157
-0.44162186556498917,-0.14705425250885526,0.10078352195931933,-0.7723628429219814,1.1580872394273316
0.46197912104850125,-2.122039535486075,0.35261206825754726,1.1329807764570707,-1.2909695583175083
-0.9698143949084314,0.6798486995616146,-2.6567701058359905,0.2454988255763113,0.11816820267698429
-0.9155806099056623,-1.2435341018502448,-1.8476684506367145,0.2891411431989941,-1.5351158002041823
0.24903820931997186,-0.6048116312262245,0.5796259298950771,-0.906505636630961,-0.4550761911350426
0.22586470982899107,0.9219355481952585,1.2003848110062054,-0.9933871872146955,-1.2678958339799675
1.6694983333992404,0.6093800985308377,2.2054773050931655,1.3779749856756127,0.4265814562651287
0.14899905698806676,-0.17355844105012008,1.1851596892199878,0.8581990062901036,-1.5252779632052877
0.7286972636077633,-0.7875508383110732,0.47892561205659817,-0.44811791399361595,0.7840891419687435
1.6345809814667343,-0.52143684345042,-0.7804855712629608,-0.36013001800448613,1.6326774933338302
-0.6707354275067947,-2.701933359555501,0.6897420168743287,0.673508834522997,-0.03192326517297856
-0.5785037975323986,-0.19439152841046137,0.28948302924372443,-0.8690222696665174,0.9657149989444385
1.1757080687798342,-1.2935162239155897,1.1091335348432358,0.6990272179985464,-1.7068673704120914
1.0355557654499157,-0.05160995479508915,-0.23316235871565083,0.40999393755976726,-0.24144408424802988
-0.9662190078490184,-1.53908249081162,-1.020108522834789,-0.9177626303642582,-0.9106186188790457
2.535218760021753,-0.6978926115340502,-1.5699222042210585,-1.3187549761238002,0.24986851214644099
-0.016280322592530438,-0.791934102463401,0.06093519489848215,-0.40507414058453045,-0.4456612283996151
0.5570932277635214,-1.2644486173340848,-0.8037694976391152,-1.792282067911606,-0.914564712368777
1.3858762088883043,-0.5476015934115507,-0.25423219896601074,-0.6478021319590164,-0.2858875558707449
-0.8446590549150705,-0.8995866703477123,0.31764740132532837,0.005318628337797452,-0.9303015898492982
0.9409088598012716,-0.8366491435813107,-0.6031808584062228,-0.474813595282809,0.1322010302912991
1.1016703026336423,1.031889935136406,-0.008595641821552836,-0.09444755632027245,-0.04467546549166059
0.39296977516949144,0.9173723246214297,0.07066739067252636,-0.976724518039156,-0.8832797486335918
0.24399514478096757,-0.6145098952937675,0.4243102306390742,-0.3815659136490253,1.5973578267884805
-0.5630137768215024,-1.2326244851654702,-1.0640348176312624,0.5394262970773832,-3.119675208268725
0.4586158970569655,0.27808148134702476,0.641964466793605,1.0152093238245952,-0.8096463882032615
0.3958149283906853,0.3227261695243398,0.03727098964448173,0.37443302950475016,0.8830619614734443
-1.8403439676734317,-0.23532244163662133,-0.27881093004460744,0.05527075943644836,-1.4500627392213647
-0.0018327376535495774,0.18150539883674094,1.5040903578720783,0.5461973377182643,0.2642863497034715
0.5599983527741607,-1.192322257843146,-1.437229274122753,-0.6127344547942972,0.09275898104955678
0.21982791724254463,-0.5922121560843089,-0.8698704741347493,-1.7744775491055569,-0.1006829520449607
0.9597979685316201,-0.8870780117581022,1.0684653999262104,-1.7563593303039269,-0.016234003170687062
0.8588597395193367,0.3975401673926356,0.8511005012760493,-0.4054433877615709,-0.7575727413062737
-0.35087193368838615,-0.6156802659087001,0.6454945405354962,1.2145495517939124,0.6846146269008515
0.2316625875852643,0.5733222577498149,0.8153718374115939,0.4549259905981082,-0.605040388231144
0.6236962904229643,0.9590697376432875,2.1531311297404336,0.9533701045653491,-0.14808469678460942
0.2222322214442561,-0.5539400505735546,0.8715489335843127,0.12853233712111886,0.596003920919958
-0.8761965420918144,-0.24693268335375781,-0.30382260733629135,1.6098636532322421,-1.1196048286826767
-0.26622722229696005,-0.17975976035520966,0.34542434203705524,-0.46113835489122584,1.3821056757339236
-1.6695903609220943,0.03869755181289934,-0.2339642941866662,0.2148781582841185,-0.08215985196216201
-0.8033009051864207,-0.1811380379854927,-0.14670033416806974,1.3900523120882038,-1.9526059747713398
-1.3080301554830698,-0.17829235890706432,0.389154509973527,-0.33012065051342016,0.19090212279647487
-0.44781254178903107,-1.565174797365384,-0.1256523465166772,-1.2418758991498602,1.4716721654808769
-1.4750320210558918,-0.14247230359194263,-0.6874476098606165,-0.34116309103845255,0.7993157066100756
-0.06018627557223793,1.8799833885949913,1.2202958331534828,-0.5153830408418305,-1.4648998316246857
-0.6016683264653254,-2.1155101406990258,1.8962192900194,-0.7848218795467818,0.4949309252236626
-0.15831323116722176,0.44420592595876507,0.02491992797364097,-3.0421861666682113,0.46440310513125027
1.3626743270133692,-0.21929152876472283,-1.8225660710081601,-0.06585746988746313,-0.2073776067690105
0.07560336706446551,0.3761272239990826,-0.7349009199513445,0.31125418693300017,0.04432593306319401
0.6831385383722316,0.6276773606547827,-0.17792500710951245,-0.6150886376706857,-0.12334541572343387
-1.5232791257879166,-0.2673859274301015,-0.5728241649042947,-2.5884127108687456,0.4548983952756781
0.7301995048775175,-0.9940781095660639,-0.07507626525805217,0.05237990184041506,-0.030559431340314296
0.7234482124666802,0.08308923939994341,1.2116042754741325,-0.8183046589343275,-0.6865386519137938
-0.9188916319909577,-0.08254248523791664,1.3323243352428755,-0.3266712180368907,-0.373022531517276
1.5371320642525939,0.12502838079831105,-0.3236093620148573,1.9871390272847793,-1.0557989730238908
0.31918716714313256,-0.794822452623086,1.102615291606636,-0.09070964339152521,-0.31197643594846963
0.8587715882267043,-0.09378342159559963,-1.6037003828961653,0.14785120294794657,-1.1020339518214273
-0.27201278757069064,0.2713483394048842,0.3360147771067795,-0.06991416598388513,-0.8609343289657472
-0.15520292755684043,0.13936788164476185,-0.8182398080732083,-0.6409711094313608,-1.171049073746461
-1.5125256990180667,0.6937861594978968,-0.9931024148479538,-0.004526066488452239,-1.161021529417776
0.6277425829422029,-0.8550447173362664,0.777974657009231,0.3787491310740247,-0.6235013921164626
-0.028742353654156973,0.029061919976596743,0.252883779179116,-0.32593564420345356,1.2585672042477394
0.7821122510682607,1.4017188164563266,-0.7522371339214543,-1.6111852909238498,-0.7280185873484799
0.09855922505211073,-0.22043794091260754,-0.6060923272096216,-0.7022121137886896,2.2068320935666987
2.0056230086483264,-0.8397992547852628,-1.0858779439967785,0.605099385023181,-0.06412500323172285
1.469255621453684,1.5119207662171479,0.7067517339673753,0.045081820741136036,-0.1754785024505358
-1.100896670620649,-0.4362219616832196,0.16261004623350803,-1.0552068703717636,0.7332083473306084
-1.8539713058679999,-1.1828503791994849,-0.23645827860674803,0.6036041395741107,-1.3120734111125865
-0.7690682565197825,0.19331805515234082,0.6978285841553162,2.328742548934046,0.6203848796430588
-0.20083442165629975,0.2931013318363625,-0.23934219875760906,-1.0372331187909385,1.3515878442540135
0.5413060526089916,-1.2422319522055283,0.3946027535743574,-0.2216323538753539,-0.6419176107848629
-0.25835338783530176,0.7170593796352199,0.8884255114953524,-0.3881565743753647,-0.6673482042773173
-0.9820744999809161,0.029859561517044036,-2.449707374343727,-1.2088189666964788,-0.17747823544157298
1.0652055803128244,0.8076134521488748,1.1962640782848317,1.145600756788074,-0.2836039386639935
1.746420890980911,0.1667008282540209,-0.9120990254921366,-0.000985608713278668,-1.105726040047868
-0.33442271389805095,-1.6843023704306324,-0.052602329206445406,0.9029567052363602,0.17728663674160502
-0.48887297285520487,1.8660819094867238,0.8470366997786464,1.806452316936279,1.4060670948567808
-0.9901778628830376,1.1972909539489776,-0.611966996017611,0.9499801890193945,-2.3153053900880822
-0.22276801887469577,-0.8263129021409598,0.12457169155290261,0.11057333640340918,0.20321448700586467
-0.20146268232132675,0.10249834566670304,-1.5542564583911274,0.693441260486327,0.5667436592193282
-1.0650122043928099,-1.327374983324408,-1.5863298478135495,-0.6877060585276147,-0.06189524484069806
1.0937625975405214,0.9650121035248487,-0.031637449145915,1.2330822631524698,0.21724519507659876
-0.6849232023961824,0.37643388763379476,-0.3356440457299851,1.1256594198119942,-2.0196783806298724
1.5180487008523746,-2.7048589702365757,-0.8083401283156132,-1.1542956796233546,0.3057199385733784
-0.5919865733089259,-0.011644885324625459,-0.13580574288240155,0.48033350077505016,-1.1017199695883944
-1.5611330495305547,-0.007574559525962263,0.3618459574055794,1.206204772849924,-0.2807095550798355
0.7507262970277266,1.3368446559980325,-1.6470611675099138,0.41095448352998465,0.24957045714099113
-0.6228388830082059,0.09891100095393113,-1.4617219214368524,0.09778342284929291,-0.20912235739734744
1.3734448052479984,-0.2711528854650155,-0.6778150020033448,-0.37148226415710967,-0.40483914091930623
0.5287047860339924,1.098001503084442,-0.27701440489247936,-1.6380175156175005,-0.19483778686345443
-0.469293695051099,-0.3989489952103346,-0.2875488519971288,0.022981909722859833,0.06096548119953034
-0.12154059717100603,-1.3096477108932303,-1.6439661393847238,-0.6104015163312216,0.07592570837166401
-0.10792117275683527,-3.248250249044058,-0.1234091915755265,-0.24214805789977656,0.7794811426780053
-0.4765051019848006,0.38679092056481224,1.1375765369045696,1.4460865132217677,1.2061639361325678
2.0209351193944083,0.19931431951999268,-1.2218829532068702,1.7998367879571278,-1.5309950548294224
0.42143552129847034,0.7947491312107182,-1.1983130199815173,0.1950349541214313,-0.8261203967672137
1.1461721416353212,0.52223179634214,-0.33796454511117796,0.7370355526602375,0.5206729178890953
-2.187012296082531,2.550142398115925,0.07163649939803202,-0.1432977365436522,-0.9447377813206735
-0.4069961078841199,-0.15897824633349328,2.2169986895693405,0.5134278284466428,1.2160190243141085
0.14106209549059234,-0.6794611077014969,-0.17676869186008545,-0.2335508532711119,0.4510699409340301
0.8674993765965427,-0.14264424730650563,0.758599583191038,-0.15630745552218148,-0.8953757463522127
-0.15390866008003942,0.40642726633602394,1.5091092650490334,-1.2934189868012549,-0.37625781328854746
-0.4253867007038333,0.4936130160229388,-1.5961754957258392,-1.0117744953680838,0.5260885661117267
-1.3766505482542308,-0.40535166450730475,1.4567540734905797,0.7010012478074683,0.3088797368947467
1.0877293359007525,-0.16456778288599783,-0.13366092017456097,1.3464618213885984,-1.3383969732643706
-1.026201957735469,1.4542906922659355,0.7316040633583824,0.9269633735870143,-0.448954579877286
-0.8038844994132611,0.14689004098056754,0.05082874883236922,0.045530931640615446,0.0006567638740754622
-0.9519339594142007,0.3800931293316558,-0.22673718360524708,-0.6543840182386281,-0.5560340825006809
-1.442972569327052,1.2324646216473765,1.3311369636498078,0.0567797347951165,-0.11740307640348698
1.8858112909448876,-0.4815083809816743,0.20799559793457992,0.5313544081215262,0.20367351489888097
-0.9307942723931613,0.5514750022729996,0.39452197568818026,-0.5277073776597495,-1.5556331531415246
-0.2082063624715949,0.6280795395033932,-0.5859818482216236,-0.7129240648579713,-1.0104019353333245
-1.0094936388201654,-0.5255992928237393,-0.31207905040958767,-2.0581129021399702,-0.2719497988094134
0.2452691097487383,0.6961033641586843,-1.7087922497280346,-1.7826460326747045,1.0737834677347327
0.6185401594354324,1.8365446323044936,-0.27942966832003224,1.0064538006025951,0.312292699283246
0.615088883553215,-0.24124695613884928,-1.396444430506316,1.3411998901166593,0.3233145967032682
-1.278369788099996,0.19819646786528314,-0.5215875668664097,-0.05431783719601086,-0.5572366425517776
-1.178240912993872,0.7216676566165591,0.9656012224510108,-0.8917801632278234,0.2895700819757317
1.1461278724213628,0.6768240732738289,0.6220797009410558,0.29316051965840606,-0.11533560297521209
-0.8314824455782831,0.8100185776996135,1.4897677970990717,1.0448438871475176,0.13714194904668334
-0.48463910706220437,0.9615121672445737,-2.168869775763436,-0.8444725918080693,1.8527144307302046
-0.010157398059478002,-0.4455336337451452,-0.189556260700786,0.5099657548195003,0.34950908644909856
-1.710544471751425,2.147465800797885,0.04969059255339344,0.5175941037234305,1.9048886884775131
0.7505755074088053,0.4035733756851372,0.09724879856756219,0.701277620199299,0.6549390021870564
-1.5641395419140705,-1.3649973037785712,0.92801542069709,0.7825703510220063,1.3361055443795267
2.0604522123225495,-0.17195956664171003,-0.8983558102700548,0.061816887104171235,-0.5828122454727505
0.30113433141753904,-1.07057313910042,-1.3271454100078766,-1.0998636284663403,0.7835557623193725
2.3262870178692823,-0.30802357573655315,-0.614424394224792,1.8965437841827644,0.31575044704549615
1.516210776028321,-0.47730941741853633,1.0104933653643688,-0.8115915462269794,0.216555621816076
1.1202918046134402,0.4308793772742218,-0.3604905792529242,0.7405588838235104,0.16179190462996784
-1.2479958307223054,-0.7938444590754238,1.7097209770083273,-2.1128189817228873,-0.04576531900438979
0.7039186340437891,-1.2510867175430758,0.7522326915291253,0.540384019306004,2.5351685153570336
0.05837830631345251,0.5778991741749555,0.05277858315863411,-1.5249293049485357,-0.3627688302272411
1.069599762059607,-1.3001870049989983,0.5847435828317323,0.6845549960862404,-1.4433920585763473
2.485913679547176,2.4997191571367336,0.7903368223879327,-1.6459285087891502,1.1263012058546231
0.19475800958945194,-0.914129248698763,-0.7833718639182997,0.760760539992329,-0.7023134963787703
-0.20177741589031412,0.22518972594310616,-0.5186190918963034,-1.2652170964360552,-1.969595349718205
1.9583043822191595,-1.2562138549462105,-0.5442887785444134,0.6428100526015126,-2.1540380480709986
0.2593014634295526,2.2220136996980897,-0.7457612336602077,-1.1163860901981864,1.787452596361428
-1.7904098102045436,0.8549474201857187,0.41792818186957614,-1.5927067378888133,0.19947590052623615
-2.747481637314336,1.5109907430693945,-0.15557672669002506,-0.456299537594181,2.1152421817392884
-0.46328348287560994,0.025967306324394514,0.17677576248208726,-2.0487043096902116,0.645885835529363
-0.30380982926602945,-0.6593990158070479,0.1394349415473083,0.5084904707475553,0.7266413377333438
-0.7617325948950004,-2.2428271659942967,1.1407478030112628,0.27938515025886673,0.07959705177608539
0.8071329587501284,-1.2509790857397804,1.8048369150508474,0.2830019415715136,0.05757047327950375
-0.6169978823132478,-1.9707190952307359,-0.3064888109218451,0.816778107060288,1.4770293456267496
1.3229792850901323,-1.259063887376271,1.040031869726911,1.4296663814345583,1.8971220777896018
-0.8975279145638927,0.021637097915452225,-0.8612404266163578,0.36325342504554936,0.41690143321560263
0.014932194374248057,-2.183047968868742,-1.2886150810961172,-0.1840648707321516,-2.754758946805554
0.3708366128892408,-1.1675707561793345,0.4517490719554842,-0.392189757770274,0.8241842292513679
0.3235611792892966,0.21658059049907327,-0.8092906498910536,-0.8494409094074373,-1.2716627492962436
-0.03156212294424204,1.0820730591385137,-1.2255648792139664,0.7294853231051647,-1.2837541285882421
1.5947084854319336,-1.9361022066766977,-0.9311841108361767,0.3780727420069312,0.0011253278750048387
-1.8553031362442398,-3.962263109300914,0.37542065184491547,-0.9119938173742066,-2.035629110887065
-0.5888703484012252,-0.6326726544985326,-1.437778650764464,0.8960129351855608,1.6590745655874686
1.1436988700175,1.3479497273683363,1.4571388819263682,0.36421278545542213,-0.8531963868718954
1.6407117695530218,-0.048985747157724045,-1.9633307537717255,-0.8919523277977827,-0.6262571625547382
0.1937320443452636,-0.9995429694768548,-0.33541463615498285,-0.7100070669169873,0.20126013166937434
-0.8807142586136579,-1.4818562544453682,1.5005166441242102,0.16880399095813542,-0.14522822120019008
0.18216946636793002,-0.314042352135968,-0.4167093511913657,-0.3398576529793134,1.0597817247495014
-0.4812398857806818,0.8166419547825882,-0.04840482313445505,-1.0186596590321122,0.9073367612781356
-0.23080857512891792,2.733928102521948,0.2681860897681295,0.9179149769511118,0.48051440360146513
-0.7984320619481746,-0.3513375470695695,0.9599889669140026,0.6209867847518923,0.951920712011891
-1.738038582526523,-1.0518532317357185,0.5122580977139831,0.29058724863681246,0.3256271596330089
0.9484883342409394,1.1782869431949659,2.167771666854606,-1.2995486993657668,0.9216842627128619
0.17216343929425035,-0.34657823447023994,-0.06447005497826415,0.959612802976358,0.16808476459583957
0.4122038452606274,-0.04991029720679731,0.6635360198694461,-0.040929530802241744,-0.332156328161876
-0.4068007099153408,0.18157877260133176,-0.9926533223027243,0.5621266339773651,-0.7164905358053225
-0.5899224050807794,1.0243730405627394,1.845735164881326,-0.5834208504182727,-1.5937077329797655
1.1318291435123287,1.501309616953159,-0.07653879267000074,-0.8192917275626153,-0.09907507423133462
0.5835924760928433,-0.5550995625065731,0.22145070609322198,0.04020356858657747,-1.2572917420408525
-0.25371915243736237,-0.5372413050557178,0.5303080447309448,1.0421764716915607,-1.0221873158635657
-0.026621883055339017,0.4516609259573706,-0.5088235326644254,-0.9950376032550532,-0.32399111439565076
-0.5946383788930604,-0.3864743014375597,0.012458442462588544,-0.22557415689730814,0.1297624817269615
0.2263342225485582,0.40336415719473045,-0.13028990164479096,-1.2990403299364814,-0.3188188409197784
1.8773322397355747,1.055389894975257,-0.34396570187456343,0.49088363052701994,-0.14609316988098398
0.09644823220779516,-1.9702884133861938,0.658185647070762,-0.2104339506450432,-1.2092209535907703
-0.11098249435446958,-0.7455001142531502,-0.12987228554451724,-0.9516289549902023,0.7375432291573963
0.6792676806598692,1.267116088321625,0.6196237350015331,-1.6098645810852814,-0.6440802480744316
-0.11412074241843573,0.07778438932329083,-0.6014075276970988,-0.5807895116061167,1.2524900625372926
1.0024266006895768,-0.7322072051526035,-2.1799717697639096,0.21929189684845676,-1.2981405423268932
0.5198931278213696,2.3111580116414254,-2.0074738560505327,-0.4297133523596456,1.2084294730192444
-0.15761270535616395,-1.4570607868959093,-1.0907331448970958,0.9042128372452288,-0.9878195468319305
0.4014047305338989,-0.6510148872734942,0.12474131990011693,0.1250495766730957,-1.4249719212966434
1.2669550245742216,-1.2290425969725336,-0.31969102139169714,1.0402412158735415,-1.2236802352597047
0.8131533754086425,1.0979363697024431,0.7515860580776986,-0.7880314607387395,-0.7816300427384907
-0.4688504170095718,0.38954559905486497,1.2020988172380642,0.09873348170946183,1.1753017820555627
-0.514313283663438,1.4098489439170327,0.0004847079733771492,0.10831687600410413,0.7511929731589633
-0.6884886800037895,0.9474433661795721,-0.4193136915357745,0.33668864097091394,0.07871359369677368
1.2386214620252103,-0.18142216812959,0.7667861256724058,0.4365147877779393,-0.9703890673180432
0.44244683099064236,-1.6377260823636548,-1.2874336503443877,-0.2672571435101068,-2.3568496636479903
-1.9969040593485488,-0.8163210550581785,-0.09591188560254635,-0.039904420344201955,-0.6171224426604368
0.20607095189838529,1.1759673814330138,0.45409258061063107,-0.26268985735509215,-2.0156529556810505
-1.8710165051696521,-0.01206539184118336,1.4871550482644964,-0.40266934945138494,-0.1271837527444504
2.7199249474007634,-0.5147666034522519,2.4544084102196417,0.6025141130171098,-1.2336726226017722
1.5285750906430626,-1.3693996539054554,-0.1592302563273709,1.2823972533895305,-0.46206947397849124
-1.1651285981716086,-0.30369162075676837,-0.8457237071203589,-0.22163003292587635,0.6424979772597001
0.14943944464358144,-0.2672807094350004,0.9752861865690988,-0.7267701433821608,-1.0623342907733868
1.0080281912754705,0.6964746574249647,0.8889613336233807,0.7885075926161295,0.1824283479833829
1.632902610145167,-0.7841779170452923,-0.22006262578729618,-2.025135051206303,-0.7592307373386681
1.0681611505384885,-0.2542678806284705,0.3971499219005766,1.150803595295768,-1.3076892604278716
1.7307438707976261,-0.15596210521849685,0.42990204335754306,1.0571241718817859,1.658095184365245
0.8566398431563657,0.29559326199482683,-0.9080071084530329,1.3577237645733313,-0.5668272170254035
-1.484785960467066,0.8044183023679853,1.8429286765098865,0.3101812844338229,-2.5600484592604644
0.9746193461805975,0.22217952701870786,0.375379844748897,0.3934093680124437,0.5374785218182755
-1.0871607921031161,-0.8748976239075615,0.3330587962621283,-1.8849114868343815,0.32120073683993483
-1.5711544328861307,1.3898759609636115,-0.40655404071034773,2.1275952344816265,-0.3701677355371716
-0.8830036702308532,0.5477201183327828,-3.1858529956855923,0.14273168289594743,0.2391752989403726
-1.2850400370066772,2.170045059337264,-0.5717391238294955,0.42224958868010976,-0.5146914832877824
-0.02219635110322651,1.248822192175027,1.644002415190735,-2.6985438304151717,-0.39687462959026126
-0.5378652864376471,1.1295118129223052,-1.0214240338242477,-0.9328305221170886,0.6676760214619926
0.8051940824145142,1.375756236808197,4.151262163685798,-0.8184518686308278,-0.3423237618241668
-0.817662423778806,0.9663571441365624,1.5418329894259244,0.19864037162317186,-0.7313158845654728
-0.8079861560576709,-1.0561171418429685,0.7523692894336987,-0.60400946392899,-1.3826197687761745
0.9728940961976278,0.48313389996133593,0.5281538583671681,-1.1303442775962278,-0.2997568301308323
-0.5130637854447234,-0.4108586254297205,-0.6236654974820093,-1.634771288663322,0.2951995884500728
0.42954318692472365,-0.5255784086756492,-0.2776086278924767,-1.5165207508411924,0.6111520656306512
-0.8632667326658485,-0.8389300761232134,0.8978798350715163,1.9380613472930754,1.014623997395065
-1.1692896320851605,-1.4402719878135297,-1.0207596523934803,-0.5554876410615234,0.037841486207656615
1.0790429908322392,-0.1567455819373799,-0.23104117001297741,1.0451007187074586,1.6101202559221213
-0.09181235756510932,-0.5396589370524603,0.3228651964226564,-0.4765354698640795,-0.1251364290640485
0.9836188167889826,0.03864972153190248,1.4695476616273977,2.426939292983462,-2.137585005557674
-0.3476702598331164,0.3915642903910029,-0.29474508378706143,-1.9121480364285905,-0.6355834237786112
0.9511017324628237,-1.7535606365194534,0.11423870024934712,-0.7858226366991007,-1.1507636768470046
-1.193675483300319,1.9151565364192873,-0.960694281054009,-0.77801663353581,0.364594811058633
-0.8758107650302468,-0.7323289258203131,0.24309281161388965,-1.6067846815562445,-0.451997327968526
-0.8442773358975215,0.3651600766180862,0.5495597597079549,-0.5301646703675291,0.7934186872616579
0.4158844467165233,0.7315341981161617,-0.40541832076731504,-1.9817852320623262,-1.0422214064006563
0.5429495608984728,1.5308754498063737,0.752648215190155,0.06639565953809977,-1.1011138088613224
0.802460189032204,-1.2179857616651997,0.27589099434897973,0.7048686770904059,-0.8066355729337886
-0.3734245034745635,0.4989126943420929,0.1379732639872062,-0.8334070081123367,0.863686564274739
-1.9603352635001392,-0.46267907478169906,-0.31340955505663387,-1.1363154357356322,-0.40234703923340853
1.133364976095745,0.5905280916693036,0.3431118002494603,-0.7561438346405127,0.07386728022758356
-1.5977225311439902,0.31746719522247935,-1.043008164189168,0.8371434957728632,0.3995571793711134
2.11970589937439,-0.9145087781069537,-0.1823623078931659,0.7306494470453614,1.415156129110587
3.146038647209657,0.10049861541149983,0.055848755840033626,0.7153443722589058,0.3814934760455117
-0.6317575890284953,-1.7103232508675617,1.5672869738233624,-0.519081006109386,0.21651161213419584
-0.3053356484798019,-0.6991377678536953,-0.37517851125950263,-1.2767305418512074,-0.5595457217773476
0.5427382235526614,2.1852215660784506,0.5459795678320334,-1.099122863281083,2.6189865527552154
-0.24645541937094684,-1.109010747121596,0.16542326997651877,-0.7456898186817487,0.36417353033872535
-1.2038121781299025,0.9393577627654939,-2.052627512290236,0.5034968247508851,-0.7273371608955588
-0.954862832223958,1.2648543467283262,-1.2781790078023239,-0.25611159913367637,0.018156374836606204
-0.2698840835357446,0.6639113133476859,0.8455498364564636,-0.6246588610821909,0.41417676566226835
-0.8477726060537013,-1.150382539258004,-0.24877770084612133,-1.7529206307553684,-0.030357764517481147
-0.5346282320879114,-1.064489393701274,-0.6512956351971289,1.3369437931568353,-0.957042557883053
0.570289962716361,-1.597423297766975,-0.3771039236485451,-0.6929497163674443,-0.6116095724332892
0.5685350457338989,2.101178999561276,-1.6102839013205081,0.22860051254479527,2.0709055554432494
0.24077967838613765,-0.9437646886284637,-0.27559365478706266,-2.40329468328846,-0.21521294899685986
2.391347568194275,-0.14658253702321755,-0.7033997795430967,-0.37542070013220613,-3.026017913449926
-1.7454985907179013,0.9041804210136068,-0.8611064355807404,-0.5527743127745959,0.06259345681454065
0.37817993392698995,-1.1532641465287614,0.5226520580449575,-0.7823646209728917,0.6282480675665418
0.1041601087635187,0.5801708330616124,-1.6699127867951296,0.07247066147466173,-0.41666905912312063
0.8749724254927896,-1.2108588101983853,-0.42161241138766564,-1.207437210906345,-0.8964984942663585
-1.1571123189736519,1.0008054810283256,2.4748659149492207,-0.5422861990725861,-1.6383688481422538
1.3711567116287937,-0.8361594462567036,1.218185059426018,0.23425132877209054,-1.3732223548223685
-0.8633254625346294,0.6515864153500052,0.3848630574413567,-0.18804324836693326,0.3103953663044813
0.1262453236324663,-0.09528764588019703,0.35759889089600877,-0.23063842571319385,2.4869236671303714
1.1757616609206332,0.06120192479239673,0.4897209110103914,0.48458562446696735,-1.3674387284385296
-2.539498913692095,-0.3544270365474044,0.5858049013831675,-0.143912545636319,-1.0465262372857018
0.79906347187627,-0.31016883140126067,1.4068893261315019,-1.4866373774991504,0.7268323656693515
0.3578381566030141,-0.33440990506564644,-2.1873202313776474,1.4376881854035612,-0.7934972038460489
0.4147167579384441,-1.1656862288355319,-0.3790487683243651,1.3277243493898854,-0.8433136244040521
-0.8932414758820791,-1.7496724250545812,-0.9983844267698841,0.48289876831461476,-0.5051222104426681
1.3136477622827996,-0.5206876549228397,-0.2820218522563815,-0.6323280952455086,-0.8271530907854935
1.5131256759582985,0.12821659410269493,0.6052931506308545,-0.11862400242739703,0.5636914582768155
0.4717063096930208,-0.07425788509734392,0.7479493353090193,-0.5540845086669437,-0.32820775265350793
0.19357966712497954,-1.5712731646936497,-1.2410660493562236,-1.0301192524228517,-0.2092963289809681
0.5127111522766401,-0.495884739190321,1.6271213417491215,0.2510077750887845,0.901040646024683
1.5998638822783473,-1.4482605812690001,1.865429627286622,-1.883668408532933,-0.13612913434868074
-0.26360318720212983,0.35124120774079226,-1.3693377372626396,0.8401085467501239,1.0588304274027645
0.628446474427918,0.21764775316609974,-0.2548442208812188,0.7746219680625265,-0.06189669893784995
1.8591846923817041,1.0934878058624888,-0.8540637614079828,1.052435816799026,0.23400073230032362
-0.23337877040863725,0.4390361969256358,1.5512435532212947,0.05765523891782191,-0.038592576462941425
-0.14068917326386696,1.5034570582768634,-0.1915188439714692,-0.6474764548190504,-1.1118556272950912
-0.5854124987492915,0.29481924637754214,-0.26838702472707426,1.6361660453083593,-1.7880224650279488
-1.412113109591629,-1.4602656531710216,-0.8281361473856809,-1.3352372741459126,0.23511573340695566
-0.06834647925938511,-0.4151621465696228,1.0543131530947727,-0.7790012501759566,-0.08266864669482077
0.7622301368543917,-1.4150663059686344,0.20927457126596113,-1.2725723674826825,0.1579877912938591
1.1114091952014549,0.6787486092629079,-1.555039297320933,-0.9030268890272753,0.28082585130428706
-1.4844936998540237,-0.17239704739382153,0.17261271654257604,0.4735457253187733,0.3653104966913379
-0.9766752826292378,-1.0247120268214032,1.3158720462171172,-2.1435114758069216,1.4505889683407693
-1.079177622461275,-0.11103966674621127,-1.147959770365811,-1.9361200899846827,0.3944451556981927
-0.8303210669858188,-0.452709038218053,-0.06308078666725717,1.3442157111192445,-0.7631957786401329
0.3173818629858845,0.8405189520146039,0.3053611784548332,1.2547697276656669,-0.5102950028435481
0.1356855802977954,-0.4158631575717725,0.8171545782274806,-0.6048566221435154,-0.0354253100392628
0.7338921149908683,-0.2740053954110546,0.6238062798251411,1.4623900249117459,-0.9981450375267651
1.6555944543628371,-0.4299825289397435,-0.028010943370729482,0.2770865143690675,-0.09485199957896646
-0.1008939225714306,0.06484469038698353,-0.728319414241218,-0.031448008998750075,-1.2313389408562632
-0.979183230702719,-0.2595732908445009,0.6031957932461512,-0.7621900193517221,-0.16346972468113707
-0.8768207566063638,0.2763098826712095,0.7938385187040742,-0.9784037185654703,-0.05077135979445165
1.3227308782713758,-0.12304132812085984,-0.6899226149746859,-0.3463293523361434,0.15371024585010368
-0.6850858772195226,-0.9318196911192748,0.6221311240638818,-0.35962792868197585,-0.5617852430661541
0.9304258647565447,0.2504813959287679,1.940949056005229,-1.8867157398368901,1.4990227582864624
1.0861367184393658,-1.9313936878516682,0.3176755926294633,1.1296153422659723,0.25718762697684444
0.44194914069416297,-2.4838012364600854,0.37744578979595966,-0.49061237103937994,-1.189809753290674
0.28418915218228297,-0.8577291273082157,0.7305544017988425,0.26895421444007656,0.41076718080320523
0.35798296072961977,-0.1483015585676835,-2.2002303378245904,-0.9469715530301438,1.8818943601508646
0.06732917147335672,2.0573961317097686,0.08379798291493713,-0.3432156637898656,-0.7438017160269801
1.2703387546793132,-0.2927432364215804,-0.7594171960235365,0.29350136346275424,0.9436552965915339
-0.9983845079037657,0.012176789310272664,-0.8418474887637182,0.18653701626689898,1.0813517540737607
-1.2981892913769348,-0.43750295919160537,0.6678926758856698,-0.241502454552494,1.5144341402347612
-0.5272818614114774,0.05957865997902781,0.33654830779115796,1.3045204837637963,-0.06695360028977942
-1.5473409319557827,1.0105090467317976,-0.3081023856283147,-1.78144238147728,0.9985626845078985
2.093679516023938,-0.6537391162633152,1.1263761071648426,0.5387712432407306,2.0082255737833816
2.2215488645872097,-0.6025869025757923,-0.3949534068221657,0.017078091072816264,2.0743791306366357
1.8368992196713945,-1.2092682947722149,-0.02329660380878845,-0.11121566967498826,0.6021492684719034
1.107287171342582,0.596938847945279,0.1911238457742916,0.8349207637937212,0.7388413808000929
-1.674709239455761,-1.1266879127724925,0.8804231268165321,1.0191341324920602,-0.2465038769417965
-0.6545634393616911,-0.1840552428807938,-1.0344171709121326,-1.4716684363998462,2.8374875444771424
-0.8322333766621115,1.3520847778942011,-0.8496865529916819,-0.21640994106223693,0.3144301075086267
-0.2717254102439377,1.1519164907769628,0.6339813060701392,-1.02420194988329,1.9466180287933716
-0.08119009882135333,0.14871085841931186,-0.6385094236472962,0.02291656388246852,0.17945615445353885
0.02481387353800908,0.700587389960396,-1.4878372445063752,1.0474316752423114,-0.2396496075045732
-1.6883546538107548,0.15798584837611168,1.5018295561033435,0.9260327212900478,-0.34576104337395064
-0.9222966427469858,1.9374233505649985,0.28035954437784,-0.5696361189531518,-1.165361901340545
0.7539305158047861,-1.6139290300677331,-0.9179822086867273,-0.08236947445050366,0.4034732417298548
-0.21386415911145654,0.7480510468617488,0.4475378016577698,0.2785024583833114,-0.049135840273950696
0.06876286581077919,0.4369853286740643,1.2883322598091573,0.2971640674840644,-1.8467618975017677
0.8403020945978096,0.8157132682449243,-0.2717803241694671,0.4438460121456518,-0.8687323586982414
0.21792923241209738,-0.9755251593143961,0.938009450473582,0.19470184941210364,1.0149903083157408
0.538294427037297,0.40729115283385653,-0.4373143741137672,-0.3685956884178157,0.6789311279953826
0.07810507099339661,1.734949469454065,-0.4478862110935492,0.8060529848387229,-0.14776440743956656
-1.7068376497040387,0.3004097165681605,1.927458276273246,1.764974158112058,-0.008012119276317538
0.088102631420215,-0.7025253038630889,0.27112812147211257,0.6022531552738473,0.5122262843511045
-1.2968477844218929,-0.21125747663896968,1.3613487347857367,0.19895207218714045,-0.09322443046867615
0.7373386726792858,-0.5282456114964753,0.8591592196052058,-1.3518685587041204,1.275012832263619
1.3184143919185585,-0.3667181582522637,-0.8104659672514017,0.6381956582263263,0.3882922593159185
-0.24668821842540242,-0.4790328498478574,1.3883616755017987,-1.3560810949798705,1.315629771920924
-0.09352450445948636,-0.13215328826018996,-0.891380748792156,-0.7234910773866049,-1.1624785907708766
0.26765041586414284,0.3273414485824717,1.361745480118275,-1.7052797929325278,-0.13127657164189657
1.3326029047587344,-0.4988751814616904,-0.14085894189767298,-0.9939396574153337,-0.10252808978205492
-0.06086015151364799,-0.511222303703636,0.09574585539184113,0.7034911055974136,0.9970677966097062
-0.175848605352198,0.8936175668555144,-0.9821900757843214,-0.45082852774770693,0.09290386856095552
